name(Cruisin' with Benzes)

snap(0,-4,-9)
sky(141,165,205)
fog(161,185,225)
ground(120,125,120)
polys(64,128,64)
fadefrom(4000)
density(2)
nlaps(2)

set(47,0,0,0)p
set(10,0,5600,0)p
set(10,0,11200,0)
chk(40,0,14000,0)
set(10,0,16800,0)p
set(10,0,22400,0)
set(10,0,28000,0)
set(32,-350,25200,0)pr
set(10,0,33600,0)
set(32,350,30800,0)pr
set(10,0,39200,0)p
set(14,0,43750,0)pt
set(10,4550,43750,90)
chk(40,7350,43750,90)
set(10,10150,43750,90)
set(23,12950,43750,90)
set(26,13550,43750,-90)pr
set(23,21514,43750,-90)
set(10,24314,43750,-90)
set(26,20914,43750,90)
set(10,29914,43750,-90)p
set(14,34464,43750,180)
chk(40,32714,43750,90)
set(10,34464,48300,180)p
set(20,34464,53900,180)
set(20,34464,59500,0)
set(35,34464,56700,180)pr
set(20,34464,65100,180)p
set(15,34464,70700,180)p
set(15,34464,76300,180)p
set(17,34464,80850,-90)pt
set(15,29914,80850,-90)
chk(42,30543,80850,90)
set(15,24314,80850,90)
set(24,21514,80850,90)
set(34,21514,80850,90)pr
set(24,10314,80850,-90)
set(15,7514,80850,-90)
set(34,10314,80850,-90)pr
set(16,1914,80850,-90)p
set(16,-3686,80850,-90)p
set(15,-9286,80850,-90)p
set(17,-13836,80850,90)
chk(42,-11800,80850,90)
set(15,-13836,85400,180)p
set(15,-13836,91000,180)
set(20,-13836,96600,0)
set(35,-13836,93800,180)pr
set(10,-13836,102200,0)p
set(10,-13836,107800,0)p
set(14,-13836,112350,0)
chk(40,-13836,110600,0)
set(10,-9286,112350,90)p
set(10,-3686,112350,90)p
set(14,864,112350,-90)pt
set(10,864,107800,0)
chk(40,864,105000,0)
set(10,864,102200,0)
set(10,864,96600,180)
set(32,1214,99400,180)pr
set(10,864,91000,180)p
set(14,864,86450,90)pt
set(10,5414,86450,-90)
chk(40,5974,86450,90)
set(14,9964,86450,180)pt
set(10,9964,91000,180)p
set(10,9964,96600,180)
set(10,9964,102200,180)
set(31,9964,102709,0)pr
set(23,9964,105000,180)
set(23,9964,115589,0)
set(31,9964,117880,180)pr
set(10,9964,118389,180)
set(10,9964,123989,0)
set(10,9964,129589,0)p
set(14,9964,134139,0)pt
set(22,12274,134139,90)
chk(40,11714,134139,90)
set(22,13394,134139,-90)p
set(14,15704,134139,-90)pt
set(10,15704,129589,0)p
set(10,15704,123989,0)
set(10,15704,118389,180)
set(23,15704,115589,0)
set(31,15704,118028,180)pr
set(23,15704,104998,180)
set(10,15704,102198,180)
set(10,15704,96598,0)
set(31,15704,102707,0)pr
set(10,15704,90998,0)
chk(40,15704,88198,0)
set(20,15704,85398,0)p
set(15,15704,79798,180)
set(20,15704,74198,180)
set(35,15704,76998,180)pr
set(10,15704,68598,180)
chk(40,15704,65798,0)
set(10,15704,62998,0)p
set(10,15704,57398,180)
set(10,15704,51798,180)
set(23,15704,48998,0)
set(31,15704,51289,180)pr
set(23,15704,32198,180)
set(10,15704,24409,180)
set(30,15704,30518,0)pl
set(10,15704,18809,180)p
set(20,15704,13209,0)
set(20,15704,7609,180)
set(33,15704,10409,0)pr
set(10,15704,2009,180)p
set(10,15704,-3591,180)p
set(14,15704,-8141,180)
chk(40,15704,-6391,0)
set(10,11154,-8141,90)p
set(14,6604,-8141,90)pt
set(10,6604,-3591,180)
set(10,6604,2009,0)
set(26,6604,-791,0)pr
set(10,6604,7609,0)p
set(10,6604,13209,0)p
set(14,6604,17759,-90)
chk(40,4854,17759,90)
set(14,3104,17759,0)pt
set(10,3104,13209,0)p
set(10,3104,7609,0)p
set(10,3104,2009,0)p
set(22,3104,-1351,0)p
set(22,3104,-2471,180)p
set(23,3104,-3031,0)
chk(40,3104,-3031,0)
set(23,0,-2800,0)

maxl(31,-18486,-9492)
maxb(12,-11892,-16086)
maxr(31,39114,-9492)
maxt(12,136908,-16086)
