name(Skidophrenia)

snap(10,10,10)
sky(100,130,255)
fog(100,130,255)
ground(100,150,100)
polys(255,0,255)
fadefrom(5000)
density(5)
nlaps(2)

set(47,0,0,0)p
set(10,0,5600,180)p
set(14,0,10150,0)pt
set(10,4550,10150,90)p
set(10,10150,10150,90)
chk(40,9742,10150,90)r
set(14,14700,10150,180)pt
set(10,14700,14700,0)
set(10,14700,20300,0)
set(28,14700,17424,0)pr
set(10,14700,25900,0)p
set(14,14700,30450,0)pt
set(10,19250,30450,90)
chk(40,21481,30450,90)r
set(10,24850,30450,90)p
set(10,30450,30450,-90)p
set(14,35000,30450,-90)pt
set(10,35000,25900,0)p
set(10,35000,20300,180)
chk(40,35000,19615,0)r
set(14,35000,15750,180)pt
set(20,30450,15750,-90)
set(37,33296,17500,180)
set(37,33296,17500,90)
chk(42,28170,15750,90)r
set(17,25900,15750,90)pt
set(15,25900,20300,0)
set(24,25900,23100,0)
set(34,25900,23100,0)pr
set(15,25900,37100,0)p
set(17,25900,41650,-90)pt
set(15,21350,41650,90)
chk(42,21480,41650,90)r
set(15,15750,41650,90)p
set(15,10150,41650,90)p
set(17,5600,41650,0)pt
set(44,5600,37100,0)
set(33,5600,35698,180)
set(43,5600,31500,0)
set(33,5600,31570,180)pr
set(43,5600,25900,0)
set(33,5600,27462,180)
set(44,5600,20300,180)
set(33,5600,23100,180)pr
chk(42,5600,18209,0)r
set(17,5600,15750,180)pt
set(21,1050,15750,90)p
set(18,-4550,15750,90)
fix(41,-9100,18050,-2300,0)
set(18,-10150,15750,90)
set(36,-8900,17560,0)
set(21,-15750,15750,-90)p
set(17,-20300,15750,90)pt
set(15,-20300,20300,180)
chk(42,-20300,20412,0)r
set(17,-20300,24850,0)pt
set(20,-15750,24850,-90)p
set(10,-10150,24850,-90)
set(10,-4550,24850,-90)
set(14,0,24850,180)
chk(40,0,26802,0)r
set(10,0,29400,180)
set(27,0,29435,0)pr
set(10,0,35000,0)p
set(38,0,36222,180)
set(38,0,35222,180)
set(10,0,40600,0)p
set(38,0,40222,180)
set(38,0,39222,180)
set(14,0,45150,-90)pt
set(10,-4550,45150,-90)
chk(40,-2862,45150,90)r
set(14,-9100,45150,0)pt
set(10,-9100,40600,180)p
set(10,-9100,35000,180)p
set(10,-9100,29400,180)
set(31,-9100,28280,180)pr
set(10,-9100,8222,180)
set(30,-9100,13164,0)pl
set(10,-9100,2622,180)p
set(23,-9100,-178,0)p
set(23,-9100,-8400,180)p
set(14,-9100,-10150,90)
set(37,-9320,-11420,0)
set(37,-9100,-11960,180)
chk(40,-7152,-10150,90)r
set(10,-4550,-10150,90)p
set(14,0,-10150,180)pt
set(10,0,-5600,0)p
set(24,25900,34300,180)

maxl(13,-23909,-11300)
maxb(13,-13700,-21509)
maxr(13,38490,-11300)
maxt(13,48700,-21509)
