name(The Oil Rig)

snap(7,7,7)
sky(100,100,150)
fog(150,150,200)
ground(51,51,51)
polys(51,51,90)
fadefrom(5900)
density(8)
nlaps(2)


set(47,0,0,0)p
set(10,0,5600,0)
set(23,0,8400,180)
set(26,0,9000,0)pr
set(23,0,19600,0)p
set(10,0,22400,0)p
set(14,0,26950,-90)
chk(40,0,25200,0)
set(10,-4550,26950,-90)
set(10,-10150,26950,90)
set(26,-6588,26950,90)pr
set(10,-15750,26950,90)p
set(10,-21350,26950,90)p
set(14,-25900,26950,0)
chk(40,-24150,26950,90)
set(10,-25900,22400,0)p
set(10,-25900,16800,0)p
set(14,-25900,12250,90)
chk(40,-24150,12250,90)
set(10,-21350,12250,90)p
set(10,-15750,12250,90)
set(10,-10150,12250,90)
set(23,-7350,12250,90)
set(31,-9641,12250,-90)pr
set(45,12759,12250,-90)p
set(46,17239,12250,-90)p
set(46,22839,12250,-90)p
set(45,27319,12250,90)p
set(23,30628,12250,90)
set(26,32278,12250,-90)pr
set(10,50228,12250,90)p
set(10,55828,12250,90)p
set(10,61428,12250,90)p
set(14,65978,12250,180)
chk(40,63894,12250,90)
set(10,65978,16800,180)p
set(10,65978,22400,180)p
set(14,65978,26950,-90)
chk(40,64228,26950,90)
set(10,61428,26950,90)
set(10,55828,26950,90)
set(26,58628,26950,90)pr
set(10,50228,26950,90)p
set(10,44628,26950,90)p
set(14,40078,26950,0)
chk(40,41828,26950,90)
set(10,40078,22400,0)
set(23,40078,19600,0)
set(26,40078,19600,180)pr
set(45,40078,5091,180)p
set(46,40078,611,180)p
set(46,40078,-4989,180)p
set(45,40078,-9469,0)p
set(23,40078,-12778,0)
set(26,40078,-14580,180)pr
set(10,40078,-32378,180)
chk(40,40078,-32325,0)
set(10,40078,-37978,0)p
set(14,40078,-42528,90)pt
set(10,44628,-42528,90)
set(10,50228,-42528,-90)
set(26,47185,-42528,-90)pr
set(10,55828,-42528,-90)p
set(14,60378,-42528,180)
chk(40,58628,-42528,90)
set(10,60378,-37978,180)p
set(10,60378,-32378,180)p
set(10,60378,-26778,180)p
set(14,60378,-22228,-90)
chk(40,58628,-22228,90)
set(10,55828,-22228,-90)
set(10,50228,-22228,90)
set(23,47428,-22228,-90)
set(31,49719,-22228,90)pr
set(45,27319,-22228,90)p
set(46,22839,-22228,90)p
set(46,17239,-22228,90)p
set(45,12759,-22228,-90)p
set(23,9450,-22228,-90)
set(26,7675,-22228,90)pr
set(10,-10150,-22228,90)p
set(10,-15750,-22228,90)p
set(10,-21350,-22228,90)p
set(14,-25900,-22228,0)
chk(40,-24150,-22228,90)
set(10,-25900,-26778,0)p
set(10,-25900,-32378,0)p
set(14,-25900,-36928,90)
chk(40,-24150,-36928,90)
set(10,-21350,-36928,90)
set(10,-15750,-36928,-90)
set(26,-18550,-36928,-90)pr
set(10,-10150,-36928,-90)p
set(10,-4550,-36928,-90)p
set(14,0,-36928,180)pt
set(10,0,-32378,180)
set(23,0,-29578,180)
set(26,0,-28978,0)pr
set(23,0,-14000,0)p
set(10,0,-11200,180)p
set(10,0,-5600,180)p
set(23,-7350,-22228,90)
set(23,30628,-22228,90)
set(23,40078,-29578,180)
set(23,40078,8400,180)
set(23,47428,12250,-90)
set(23,9450,12250,-90)
set(23,1400,-40000,-90)po
set(10,4200,-40000,90)p
set(10,9800,-40000,90)p
set(10,15400,-40000,90)p
set(26,15600,-40000,-90)pr
fix(41,18200,-40000,-1000,-90)s
set(10,21000,-40000,-90)
set(26,20610,-40000,90)
set(10,26600,-40000,90)
set(10,32200,-40000,90)
set(23,35000,-40000,90)po
set(23,1400,29000,-90)po
set(10,4200,29000,90)p
set(10,9800,29000,90)p
set(10,15400,29000,90)p
set(26,15600,29000,-90)pr
fix(41,18200,29000,-1000,-90)s
set(10,21000,29000,-90)
set(26,20610,29000,90)
set(10,26600,29000,90)
set(10,32200,29000,90)
set(23,35000,29000,90)po

maxl(16,-30361,-43789)
maxb(21,-46189,-27961)
maxr(16,70439,-43789)
maxt(21,30611,-27961)

