name(A Staff Party You Weren't Invited to)

snap(-10,-30,-30)
sky(170,150,180)
fog(255,150,100)
ground(70,70,70)
polys(120,120,120)
fadefrom(7000)
density(1)
nlaps(4)
lightson()


set(47,0,0,0)
set(10,0,5600,0)
set(10,0,11200,0)p
set(38,0,7132,0)
set(10,0,16800,0)p
set(14,0,21350,-90)
chk(40,0,19288,0)
set(10,-4550,21350,-90)p
set(10,-10150,21350,-90)
set(10,-15750,21350,-90)
set(29,-15114,21350,-90)pr
set(10,-21350,21350,-90)p
set(38,-21650,21350,-90)
set(38,-22650,21350,-90)
set(10,-26950,21350,-90)p
set(38,-25650,21350,-90)
set(38,-23650,21350,-90)
set(38,-24650,21350,-90)
set(10,-32550,21350,-90)p
set(14,-37100,21350,0)
chk(40,-35350,21350,90)
set(10,-37100,16800,180)
set(32,-37450,15464,180)pr
set(10,-37100,11200,180)p
set(14,-37100,6650,90)
chk(40,-35350,6650,90)
set(14,-33600,6650,180)pt
set(10,-33600,11200,180)p
set(14,-33600,15750,0)
chk(40,-31850,15750,90)
set(14,-30100,15750,-90)pt
set(10,-30100,11200,180)
set(32,-29750,10204,180)pr
set(10,-30100,5600,180)
set(32,-30450,6872,180)pr
set(14,-30100,1050,180)
chk(40,-30100,2800,0)
set(10,-34650,1050,-90)p
set(14,-39200,1050,0)
chk(40,-39200,-700,0)
set(14,-39200,-2450,90)pt
set(22,-36890,-2450,90)p
set(18,-33530,-2450,90)
set(36,-35350,-4260,180)
set(36,-33390,-4260,180)
set(22,-30170,-2450,-90)
set(36,-31710,-4260,180)ph
set(22,-29050,-2450,90)p
set(22,-27930,-2450,-90)p
set(22,-26810,-2450,90)p
set(19,-24500,-2450,180)pt
set(22,-24500,-140,0)p
set(22,-24500,980,180)
chk(40,-24500,808,0)
set(22,-24500,2100,0)
set(22,-24500,3220,180)
set(22,-24500,4340,0)
set(10,-24500,7700,0)
set(10,-24500,13300,0)p
set(14,-24500,17850,0)
chk(40,-22750,17850,90)
set(14,-21000,17850,-90)pt
set(10,-21000,13300,0)
set(10,-21000,7700,180)
set(27,-21000,10500,180)pr
set(10,-21000,2100,180)
set(27,-24500,3780,0)pr
set(14,-21000,-2450,90)
chk(40,-19250,-2450,90)
set(14,-17500,-2450,180)pt
set(10,-17500,2100,180)p
set(14,-17500,6650,0)
chk(40,-15328,6650,90)
set(10,-12950,6650,90)p
set(10,-7350,6650,90)
set(23,-4550,6650,90)
set(31,-6230,6650,-90)pr
set(23,15050,6650,-90)p
set(10,17850,6650,-90)p
set(14,22400,6650,-90)
chk(40,20650,6650,90)
set(10,22400,2100,0)p
set(10,22400,-3500,0)
set(10,22400,-9100,180)
set(26,22400,-6900,180)pr
set(10,22400,-14700,180)p
set(14,22400,-19250,180)
chk(40,22400,-17186,0)
set(10,17850,-19250,-90)p
set(10,12250,-19250,-90)
set(10,6650,-19250,90)
set(29,11614,-19250,90)pr
set(38,5350,-19250,90)
set(38,6350,-19250,90)
set(10,1050,-19250,90)p
set(38,3350,-19250,90)
set(38,4350,-19250,90)
set(38,2350,-19250,90)
set(10,-4550,-19250,90)p
set(10,-10150,-19250,90)p
set(14,-14700,-19250,90)
chk(40,-14700,-17500,0)
set(14,-14700,-15750,0)pt
set(10,-10150,-15750,90)p
set(10,-4550,-15750,90)p
set(14,0,-15750,180)pt
set(10,0,-11200,180)p
set(10,0,-5600,180)
set(27,0,-2800,0)pr

set(23,6260,-14600,0)po
set(10,6260,-11800,180)p
set(10,6260,-6200,180)p
set(10,6260,-600,0)p
set(26,6260,1124,0)
fix(41,6260,3038,-1000,0)s
set(10,6260,5000,0)p
set(26,6260,4891,180)
set(10,6260,10600,0)p
set(10,6260,16200,0)p
set(23,6260,19000,180)po

set(23,-37500,-10000,-90)po
set(10,-34700,-10000,90)p
set(10,-29100,-10000,90)p
set(10,-23500,-10000,-90)p
set(26,-21776,-10000,-90)
fix(41,-19862,-10000,-1000,-90)s
set(10,-17900,-10000,-90)p
set(26,-18009,-10000,90)
set(10,-12300,-10000,-90)p
set(10,-6700,-10000,-90)p
set(23,-3900,-10000,90)po

maxl(10,-41509,-20550)
maxb(14,-22950,-39109)
maxr(10,25691,-20550)
maxt(14,25050,-39109)

