name(Run for it!)

snap(99,-20,-99)
sky(50,0,0)
fog(25,25,25)
ground(255,128,0)
polys(128,64,0)
fadefrom(3710)
density(2)
nlaps(2)

set(47,0,0,0)p
set(10,0,5600,0)p
set(14,0,10150,0)
chk(40,0,8784,0)r
set(10,4550,10150,90)p
set(14,9100,10150,-90)
chk(40,9100,8784,0)r
set(10,9100,5600,0)
set(10,9100,0,0)
set(28,9100,4964,0)pr
set(10,9100,-5600,0)
chk(40,9100,-8070,0)r
set(12,7580,-11230,-30)p
set(14,6060,-15810,180)pt
set(23,4310,-15810,-90)
set(38,4610,-15810,90)
chk(40,4310,-15810,90)r
set(23,-3895,-15810,90)
chk(40,-3650,-15810,90)r
set(14,-5645,-15810,90)pt
set(38,-4150,-15810,90)
set(13,-7165,-11230,210)p
set(10,-8685,-5600,180)
chk(40,-8685,-8196,0)r
set(10,-8685,0,180)
set(10,-8685,5600,180)
set(28,-8685,4964,0)pr
set(10,-8685,11200,180)p
set(10,-8685,16800,180)p
set(14,-8685,21350,0)
chk(40,-8685,19864,0)r
set(10,-4135,21350,90)
set(26,-5860,21350,-90)pr
set(10,1465,21350,90)p
set(10,7065,21350,90)p
set(10,12665,21350,90)p
set(14,17215,21350,-90)
chk(40,17215,20002,0)r
set(10,17215,16800,0)
set(10,17215,11200,0)
set(29,17215,13288,0)pr
set(10,17215,5600,0)p
set(10,17215,0,0)p
set(10,17215,-5600,0)
chk(40,17215,-8400,0)r
set(12,15695,-11230,-30)p
set(10,14175,-16860,0)p
set(14,14175,-21410,180)
chk(40,12916,-21410,90)r
set(10,9625,-21410,-90)
set(38,12416,-21410,90)
set(23,6825,-21410,-90)
set(27,5868,-21410,90)pr
set(23,-6185,-21410,90)p
set(10,-8985,-21410,90)p
set(14,-13535,-21410,90)
set(38,-11285,-21410,90)
chk(40,-12164,-21410,90)r
set(10,-13535,-16860,180)p
set(13,-15055,-11230,210)p
set(10,-16575,-5600,180)
chk(40,-16575,-8264,0)r
set(10,-16575,0,180)
set(30,-16575,-874,0)pl
set(10,-16575,5600,180)p
set(10,-16575,11200,180)p
set(10,-16575,16800,180)
set(32,-16925,15476,0)pr
set(10,-16575,22400,180)p
set(10,-16575,28000,180)p
set(14,-16575,32550,0)
chk(40,-16575,31388,0)r
set(10,-12025,32550,90)
set(10,-6425,32550,90)
set(29,-8788,32550,90)pr
set(10,-825,32550,90)p
set(10,4775,32550,90)p
set(10,10375,32550,90)p
set(10,15975,32550,90)p
set(10,21575,32550,90)p
set(14,26125,32550,-90)
chk(40,26125,31388,0)r
set(10,26125,28000,0)
set(10,26125,22400,0)
fix(41,26125,15950,-100,0)
set(10,26125,16800,0)
set(31,26125,21891,180)pr
set(38,26125,15966,0)
set(10,26125,11200,0)
set(10,26125,5600,0)
set(31,26125,9918,0)pr
set(10,26125,0,0)p
set(10,26125,-5600,0)
chk(40,26125,-8400,0)r
set(12,24605,-11230,-30)p
set(10,23085,-16860,0)p
set(10,23085,-22460,0)p
set(14,23085,-27010,180)
chk(40,22014,-27010,90)r
set(10,18535,-27010,-90)p
set(38,21514,-27010,90)
set(10,12935,-27010,-90)
set(23,10135,-27010,-90)
set(26,9535,-27010,90)pr
set(10,-11900,-27130,90)p
set(10,-17500,-27130,90)p
set(14,-22050,-27130,90)
set(38,-20452,-27130,90)
chk(40,-20952,-27130,90)r
set(10,-22050,-22580,0)p
set(10,-22050,-16980,0)p
set(13,-23570,-11350,30)
set(10,-25090,-5720,0)
set(26,-25090,-7306,0)pr
chk(40,-25090,-8254,0)r
set(10,-25090,-120,0)p
set(10,-25090,5480,0)
set(10,-25090,11080,0)
set(26,-25090,7386,0)pr
set(10,-25090,16680,0)
set(10,-25090,22280,0)
set(26,-25090,20404,0)pr
set(10,-25090,27880,0)p
set(10,-25090,33480,0)
set(32,-25440,32626,0)pr
set(10,-25090,39080,0)p
set(14,-25090,43630,0)
chk(40,-25090,42450,0)r
set(10,-20540,43630,90)p
set(20,-14940,43630,90)
set(44,-9340,43630,90)
set(33,-11472,43630,90)pr
set(43,-3740,43630,90)
set(43,1860,43630,-90)
set(34,-208,43630,90)pr
set(43,7460,43630,-90)p
set(43,13060,43630,-90)
set(44,18660,43630,-90)
set(33,15860,43630,90)pr
set(20,24260,43630,-90)p
set(10,29860,43630,-90)p
set(14,34410,43630,-90)
chk(40,34410,42496,0)r
set(10,34410,39080,180)p
set(10,34410,33480,180)
set(32,34060,32868,180)pr
set(10,34410,27880,180)p
set(10,34410,22280,180)p
set(10,34410,16680,180)
set(32,34760,18066,180)pr
set(10,34410,11080,180)p
set(10,34410,5480,180)
set(10,34410,-120,180)
set(32,34060,3486,180)pr
set(10,34410,-5720,180)
chk(40,34410,-8520,0)r
set(12,32890,-11350,150)p
set(10,31500,-16800,180)p
set(10,31500,-22400,180)p
set(10,31500,-28000,180)p
set(14,31500,-32550,180)pt
set(22,29190,-32550,90)
chk(40,30168,-32550,90)r
set(22,28070,-32550,-90)p
set(22,26950,-32550,90)p
set(22,25830,-32550,90)
set(18,22470,-32550,-90)
set(36,22885,-30740,0)
set(36,24845,-34360,180)ph
set(36,22885,-34360,180)ph
set(36,24845,-30740,0)
set(18,16870,-32550,-90)
set(36,18965,-30740,0)
set(36,20925,-34360,180)
set(36,17005,-34360,180)
set(36,18965,-34360,180)
set(36,20925,-30740,0)
set(36,17005,-30740,0)ph
set(18,11270,-32550,-90)
set(36,11125,-30740,0)
set(36,15045,-30740,0)
set(36,13085,-34360,180)
set(36,11125,-34360,180)ph
set(36,15045,-34360,180)
set(36,13085,-30740,0)
set(18,5670,-32550,-90)
set(36,7205,-30740,0)
set(36,9165,-34360,180)
set(36,5245,-34360,180)
set(36,7205,-34360,180)
set(36,9165,-30740,0)
set(36,5245,-30740,0)ph
set(22,2310,-32550,90)
chk(40,1154,-32550,90)r
set(14,0,-32550,90)pt
set(10,0,-28000,180)
fix(41,25,-21410,-2000,90)
set(10,0,-22400,180)
set(32,-350,-24696,0)
set(32,350,-24696,0)pr
fix(41,-25,-15810,-1000,90)
set(10,0,-16800,180)
set(32,-350,-18736,0)
set(32,350,-18736,0)
set(32,3086,-15460,90)
set(32,3086,-16160,90)pr
set(10,0,-11200,180)p
set(10,0,-5600,180)
set(38,0,-3300,0)
chk(40,0,-2800,0)r
set(23,-9100,-27130,90)

maxl(20,-29829,-36025)
maxb(14,-38425,-27429)
maxr(20,37370,-36025)
maxt(14,57574,-27429)
