name(Grand Larceny)

snap(17,17,0)
sky(140,140,140)
fog(140,140,140)
ground(150,150,100)
polys(255,245,0)
fadefrom(5000)
density(5)
nlaps(13)


set(47,0,0,0)p
set(10,0,5600,0)p
set(10,0,11200,0)p
set(14,0,15750,0)
chk(40,0,14000,0)r
set(10,4550,15750,-90)p
set(22,7910,15750,90)
set(18,11270,15750,90)
set(36,11410,17560,0)
set(36,9450,17560,0)ph
set(22,14630,15750,-90)
set(36,13090,17560,0)ph
set(22,15750,15750,90)
set(18,19110,15750,90)
set(36,17290,17560,0)ph
set(36,19250,17560,0)ph
set(22,22470,15750,-90)p
set(36,20930,17560,0)
set(22,23590,15750,90)p
set(18,26950,15750,90)
set(36,27090,17560,0)ph
set(36,25130,17560,0)
set(22,30310,15750,-90)
set(36,28770,17560,0)ph
set(22,31430,15750,90)p
set(18,34790,15750,90)
set(36,32970,17560,0)
set(36,34930,17560,0)ph
set(22,38150,15750,-90)p
set(36,36610,17560,0)
set(22,39270,15750,90)
set(18,42630,15750,90)
set(36,42770,17560,0)
set(36,40810,17560,0)ph
set(22,45990,15750,-90)
set(36,44730,17560,0)ph
set(10,49350,15750,-90)p
set(14,53900,15750,-90)
chk(40,52150,15750,90)r
set(10,53900,11200,0)
set(10,53900,5600,0)
set(29,53900,6236,180)pr
set(10,53900,0,0)p
set(10,53900,-5600,0)p
set(14,53900,-10150,180)
chk(40,53900,-8400,0)r
set(10,49350,-10150,-90)
set(10,43750,-10150,-90)
set(26,45950,-10150,90)pr
set(10,38150,-10150,-90)
set(26,41550,-10150,-90)pr
set(10,32550,-10150,-90)p
set(10,26950,-10150,-90)
set(10,21350,-10150,-90)
set(26,23550,-10150,90)pr
set(10,15750,-10150,-90)
set(26,19150,-10150,-90)pr
set(10,10150,-10150,-90)p
set(10,4550,-10150,-90)p
set(14,0,-10150,90)
chk(40,1750,-10150,90)r
set(10,0,-5600,180)p
set(24,4495,2250,90)
set(15,7295,2250,90)
set(15,12895,2250,90)
set(15,18495,2250,90)
fix(41,26895,2250,-1750,90)
set(15,24095,2250,90)
set(34,23122,2250,-90)
set(15,29695,2250,90)
set(15,35295,2250,90)
set(34,31369,2250,-90)
set(15,40895,2250,90)
set(15,46495,2250,90)
set(24,49295,2250,-90)

maxl(7,-4250,-11287)
maxb(13,-13687,-1850)
maxr(7,58150,-11287)
maxt(13,19913,-1850)
