name(Blazin' Basin)

snap(7,3,-1)
sky(160,200,230)
fog(200,200,200)
ground(147,147,75)
polys(130,130,60)
fadefrom(3200)
density(1)
nlaps(4)


set(20,-4550,21350,-90)
chk(40,-4150,21350,90)
set(16,-10150,21350,-90)
set(35,-9890,21350,90)pr
set(16,-15750,21350,90)p
set(16,-21350,21350,-90)p
set(16,-26950,21350,-90)
chk(42,-29204,21350,90)
set(17,-31500,21350,90)pt
set(16,-31500,25900,0)
set(16,-31500,31500,0)
set(33,-31500,28700,0)pr
set(16,-31500,37100,0)
set(33,-31500,34300,0)pr
set(16,-31500,42700,180)
set(33,-31500,39900,180)pr
set(17,-31500,47250,0)pt
set(16,-26950,47250,90)
chk(42,-29050,47250,90)
set(17,-22400,47250,-90)pt
set(33,-22400,39900,0)pr
set(16,-22400,42700,0)
set(16,-22400,37100,0)
set(16,-22400,31500,0)
set(24,-22400,28700,180)
set(34,-22400,28700,0)pr
set(24,-22400,11900,0)p
set(16,-22400,9100,0)p
set(16,-22400,3500,0)p
set(16,-22400,-2100,0)p
chk(42,-22400,-4484,0)
set(17,-22400,-6650,90)
set(16,-17850,-6650,90)p
set(17,-13300,-6650,180)pt
set(16,-13300,-2100,180)
set(33,-13300,700,180)pr
set(16,-13300,3500,180)
set(16,-13300,9100,180)
set(24,-13300,11900,0)
set(34,-13300,11900,180)pr
set(24,-13300,28700,180)p
set(16,-13300,31500,180)p
set(16,-13300,37100,180)p
chk(42,-13300,44824,0)
set(16,-13300,42700,180)
set(17,-13300,47250,0)pt
set(16,-8750,47250,90)p
set(17,-4200,47250,-90)pt
set(17,-4200,43750,90)pt
set(17,-700,43750,-90)pt
set(16,-700,39200,0)p
set(16,-700,33600,0)
chk(42,-700,33371,0)
set(24,-700,30800,180)
set(34,-700,30800,0)pr
set(14,0,21350,-90)
set(30,0,17309,0)pl
set(10,0,16800,0)
set(10,0,11200,0)
set(20,0,5600,0)
set(48,0,0,0)p
set(17,0,-4550,90)pt
set(16,4550,-4550,90)
chk(42,5460,-4550,90)
set(17,9100,-4550,180)pt
set(16,9100,0,180)
set(16,9100,5600,180)
set(35,9100,2800,180)
set(16,9100,11200,180)
set(16,9100,16800,180)
chk(42,9100,17625,0)
set(17,9100,21350,-90)pt
set(16,4550,21350,-90)
set(24,1750,21350,90)
set(33,1750,21350,90)

maxl(13,-35200,-8500)
maxb(10,-10900,-32800)
maxr(13,12800,-8500)
maxt(10,51500,-32800)
