name(On with the Foglights)

snap(-10,-30,15)
sky(200,20,254)
fog(100,30,125)
ground(100,100,100)
polys(150,150,150)
fadefrom(1600)
density(0)
nlaps(1)
lightson()

set(47,0,0,0)
set(10,0,5600,0)p
set(10,0,11200,0)p
set(14,0,15750,0)
chk(40,0,13640,0)r
set(10,4550,15750,90)p
set(10,10150,15750,90)
chk(40,12594,15750,90)r
set(13,15780,17270,120)p
set(14,20360,18790,180)
chk(40,20360,20540,0)r
set(14,20360,22290,-90)pt
set(12,15780,23810,60)p
set(10,10150,25330,90)
set(26,8482,25330,90)pr
set(10,4550,25330,90)p
set(10,-1050,25330,90)
chk(40,-3600,25330,90)r
set(13,-6680,23810,120)p
set(14,-11260,22290,0)pt
set(10,-11260,17740,0)
set(26,-11260,16098,180)pr
set(10,-11260,12140,180)p
set(10,-11260,6540,180)p
set(14,-11260,1990,90)
chk(40,-11260,4020,0)r
set(12,-6680,470,60)
set(23,-3850,-1050,90)
set(26,-2838,-1050,-90)pr
set(23,7350,-1050,-90)p
set(10,10150,-1050,-90)p
set(14,14700,-1050,-90)
chk(40,12734,-1050,90)r
set(10,14700,-5600,0)p
set(14,14700,-10150,180)pt
set(10,10150,-10150,-90)
set(32,10880,-10500,90)pr
set(10,4550,-10150,90)p
set(14,0,-10150,90)
chk(40,2060,-10150,90)r
set(10,0,-5600,180)p
set(12,15780,14230,-120)
set(14,20360,12710,-90)
set(10,20360,8160,0)
set(10,20360,250,180)
set(29,20360,5214,180)
set(10,20360,-5350,180)
set(10,20360,-10950,180)
set(10,20360,-16550,180)
set(14,20360,-21100,180)
set(13,15780,-22620,120)
set(10,10150,-24140,90)
set(32,10871,-24490,90)
set(10,4550,-24140,90)
set(14,0,-24140,90)
set(10,0,-19590,180)
set(23,0,-16790,180)
set(26,0,-16190,0)
set(12,-6680,26850,-120)
chk(40,0,13640,0)r
set(10,-12310,28370,-90)
chk(40,12594,15750,90)r
set(14,-16860,28370,0)
set(10,-16860,23820,0)
set(10,-16860,18220,0)
set(10,-16860,12620,180)
set(29,-16860,14554,180)
chk(40,20360,10960,0)r
set(10,-16860,7020,180)
set(10,-16860,1420,180)
set(10,-16860,-4180,180)
set(10,-16860,-9780,180)
set(26,-16860,-7580,180)
set(10,-16860,-15380,180)
set(10,-16860,-20980,180)
chk(40,20360,-19350,0)r
chk(40,1975,-24140,90)r
chk(40,0,13640,0)r
chk(40,12594,15750,90)r
chk(40,20360,20540,0)r
chk(40,-3600,25330,90)r
chk(40,-14952,28370,90)r
chk(40,-16860,-24684,0)r
set(23,-16860,-23780,0)

maxl(13,-19850,-26685)
maxb(9,-29085,-17450)
maxr(13,23350,-26685)
maxt(9,33315,-17450)
