name(Sublimation)

snap(-30,-60,-20)
sky(30,60,20)
fog(70,70,70)
ground(70,70,70)
polys(60,60,60)
fadefrom(2500)
density(1)
nlaps(4)
lightson()

set(47,0,0,0)p
set(10,0,5600,0)p
set(10,0,11200,0)
chk(40,0,13460,0)
set(14,0,15750,-90)pt
set(12,-4580,17270,-120)p
set(12,-10240,20310,60)p
set(14,-14820,21830,90)
chk(40,-14820,23580,0)
set(14,-14820,25330,0)pt
set(20,-10270,25330,90)p
set(15,-4670,25330,90)
set(35,-3940,25330,-90)pr
set(15,930,25330,-90)p
set(15,6530,25330,-90)p
set(17,11080,25330,-90)
chk(42,9080,25330,90)
set(15,11080,20780,0)p
set(15,11080,15180,0)
set(15,11080,9580,180)
set(34,11080,14120,180)pr
set(15,11080,3980,180)
set(15,11080,-1620,180)
set(35,11080,610,180)pr
set(15,11080,-7220,180)p
set(17,11080,-11770,180)
chk(42,11080,-9676,0)
set(15,6530,-11770,-90)
set(35,5132,-11770,-90)pr
set(15,930,-11770,-90)p
set(15,-4670,-11770,-90)p
set(20,-10270,-11770,90)p
set(10,-15870,-11770,90)
set(10,-21470,-11770,90)
set(26,-17893,-11770,90)pr
set(20,-27070,-11770,-90)p
set(15,-32670,-11770,-90)
set(35,-32882,-11770,-90)pr
set(15,-38270,-11770,-90)p
set(15,-43870,-11770,-90)p
set(17,-48420,-11770,90)
chk(42,-46380,-11770,90)
set(15,-48420,-7220,0)p
set(15,-48420,-1620,0)
set(15,-48420,3980,0)
set(34,-48420,577,0)pr
set(15,-48420,9580,0)p
set(15,-48420,15180,0)
set(33,-48420,16922,0)pr
set(15,-48420,20780,0)p
set(17,-48420,25330,0)
chk(42,-48420,23313,0)
set(15,-43870,25330,90)
set(15,-38270,25330,90)
set(35,-41471,25330,90)pr
set(15,-32670,25330,90)p
set(20,-27070,25330,-90)
set(14,-22520,25330,-90)
chk(40,-22520,23580,0)
set(14,-22520,21830,180)pt
set(10,-27070,21830,-90)
set(26,-26355,21830,90)pr
set(10,-32670,21830,90)p
set(10,-38270,21830,90)p
set(14,-42820,21830,0)
chk(40,-41070,21830,90)
set(10,-42820,17280,0)
set(26,-42820,17192,180)pr
set(10,-42820,11680,180)p
set(10,-42820,6080,180)p
set(14,-42820,1530,90)
chk(40,-41070,1530,90)
set(12,-38240,10,60)p
set(12,-32580,-3030,60)p
set(10,-26950,-4550,90)
set(10,-21350,-4550,-90)
set(29,-23642,-4550,-90)pr
set(10,-15750,-4550,-90)p
set(10,-10150,-4550,-90)p
set(10,-4550,-4550,-90)
chk(40,-2380,-4550,90)
set(14,0,-4550,180)pt

maxl(9,-52270,-12420)
maxb(14,-14820,-49870)
maxr(9,14930,-12420)
maxt(14,28380,-49870)
