name(Dealership Mayhem)

snap(10,10,10)
sky(200,193,160)
fog(220,214,180)
ground(160,160,160)
polys(160,160,160)
fadefrom(6000)
density(7)
nlaps(3)


set(47,0,0,0)p
set(10,0,5600,0)
set(10,0,11200,0)
set(10,0,16800,0)
set(10,0,22400,0)
set(10,0,28000,0)
set(23,0,30800,180)
set(23,0,47600,0)p
set(10,0,50400,0)
chk(40,0,49316,0)
set(10,0,56000,0)
set(10,0,61600,0)
set(10,0,67200,0)p
set(10,0,72800,0)p
set(14,0,77350,0)
chk(40,1750,77350,90)
set(14,3500,77350,-90)pt
set(10,3500,72800,0)
set(10,3500,67200,0)
set(10,3500,61600,0)
set(10,3500,56000,180)p
set(10,3500,50400,180)
chk(40,3500,49340,0)
set(12,1980,44770,150)p
set(12,-1060,39110,150)p
set(10,-2580,33480,180)
chk(40,-2580,31619,0)
set(10,-2580,27880,0)
set(10,-2580,22280,180)
set(26,-2580,25080,180)pr
set(10,-2580,16680,180)
set(10,-2580,11080,180)
set(10,-2580,5480,180)
set(10,-2580,-120,0)
chk(40,-2580,-2409,0)
set(13,-1060,-5750,30)p
set(13,1980,-11410,30)p
set(10,3500,-17040,0)
set(10,3500,-22640,180)
set(10,3500,-28240,180)p
set(10,3500,-33840,180)p
set(10,3500,-39440,180)
chk(40,3500,-41592,0)
set(14,3500,-43990,180)pt
set(10,-1050,-43990,-90)p
set(14,-5600,-43990,90)pt
set(10,-5600,-39440,180)p
set(10,-5600,-33840,180)
set(10,-5600,-28240,0)
set(26,-5600,-31040,0)pr
set(10,-5600,-22640,0)p
set(10,-5600,-17040,0)p
set(10,-5600,-11440,0)p
set(10,-5600,-5840,0)p
set(10,-5600,-240,0)
chk(40,-5600,-2411,0)
set(10,-5600,5360,0)
set(29,-5600,4724,0)
set(32,-2230,5520,180)pr
set(10,-5600,10960,0)p
set(10,-5600,16560,0)p
set(10,-5600,22160,0)p
set(10,-5600,27760,0)p
set(10,-5600,33360,0)
chk(40,-5600,31620,0)
set(12,-4080,38990,-30)p
set(10,-2560,44620,0)p
set(10,-2560,50220,0)
chk(40,-2560,49310,0)
set(10,-2560,55820,0)
set(10,-2560,61420,0)
set(26,0,58577,0)pr
set(26,-2560,58620,0)pr
set(10,-2560,67020,0)p
set(10,-2560,72620,0)p
set(10,-2560,78220,0)p
set(14,-2560,82770,0)pt
set(10,1990,82770,90)
chk(40,1797,82770,90)
set(14,6540,82770,-90)pt
set(10,6540,78220,0)
set(10,6540,72620,180)
set(26,6540,74820,180)pr
set(10,6540,67020,180)p
set(10,6540,61420,180)
set(28,3500,62236,180)pr
set(10,6540,55820,180)
set(26,6540,58620,180)pr
set(10,6540,50220,180)p
set(10,6540,44620,180)p
set(12,5020,38990,150)p
set(10,3500,33360,180)
set(10,3500,27760,180)
set(29,0,30164,0)pr
set(10,3500,22160,180)
set(26,3500,24960,180)pr
set(10,3500,16560,180)
set(10,3500,10960,180)
set(29,0,13755,0)pr
set(10,3500,5360,180)
set(32,3850,5540,180)pr
set(10,3500,-240,180)
chk(40,3500,-2400,0)
set(13,5020,-5870,30)p
set(10,6540,-11500,0)p
set(10,6540,-17100,0)
set(10,6540,-22700,180)
set(29,6540,-19950,180)pr
set(10,6540,-28300,180)p
set(10,6540,-33900,180)p
set(10,6540,-39500,180)p
set(12,5020,-45130,-30)p
set(10,3500,-50760,0)
chk(40,3500,-52878,0)
set(14,3500,-55310,180)pt
set(14,0,-55310,90)pt
set(10,0,-50760,180)
set(23,0,-47960,180)
set(26,0,-47960,0)pr
set(23,0,-36760,0)p
set(10,0,-33960,0)p
set(10,0,-28360,0)p
set(10,0,-22760,0)
set(10,0,-17160,0)
set(29,3500,-20008,180)
set(29,0,-19989,0)pr
set(23,0,-14360,180)p
set(23,0,-2800,0)

maxl(30,-9130,-55379)
maxb(4,-57779,-6730)
maxr(30,10070,-55379)
maxt(4,86221,-6730)
