name(A Well Down to Hell)

snap(30,-15,-15)
sky(120,34,0)
fog(10,10,10)
ground(120,10,10)
polys(255,128,0)
fadefrom(6000)
density(3)
nlaps(2)


set(47,0,0,0)p
set(10,0,5600,0)p
set(10,0,11200,0)p
set(10,0,16800,0)
set(10,0,22400,0)
set(26,0,20200,0)pr
set(10,0,28000,180)
set(26,0,25786,180)pr
set(10,0,33600,180)p
set(20,0,39200,180)
chk(40,0,40574,0)
set(17,0,43750,0)pt
set(15,4550,43750,90)p
set(15,10150,43750,90)
fix(41,18128,43750,-1000,90)
set(16,15750,43750,90)
set(35,12950,43750,90)pr
set(16,21350,43750,90)p
set(15,26950,43750,-90)
chk(42,28936,43750,90)
set(17,31500,43750,180)pt
set(15,31500,48300,0)p
set(15,31500,53900,0)
set(20,31500,59500,0)
set(34,31500,56700,0)pr
set(10,31500,65100,0)p
set(10,31500,70700,0)p
set(10,31500,76300,0)
chk(40,31500,78224,0)
set(10,31500,81900,0)p
set(12,33020,87530,-30)p
set(12,36060,93190,-30)p
set(10,37580,98820,0)
set(10,37580,104420,0)
set(26,37580,102220,0)pr
set(10,37580,110020,180)
set(10,37580,115620,0)
set(30,37580,109511,180)pl
set(10,37580,121220,0)p
set(10,37580,126820,0)
set(37,38976,127982,0)
set(37,36152,127982,0)
chk(40,37580,127960,0)
set(14,37580,131370,-90)pt
set(10,33030,131370,-90)p
set(10,27430,131370,-90)
chk(40,25646,131370,90)
set(14,22880,131370,0)pt
set(20,22880,126820,0)
set(20,22880,121220,180)
set(33,22880,124020,180)pr
set(10,22880,115620,180)p
set(10,22880,110020,180)
set(10,22880,104420,180)
set(29,22880,105056,180)pr
set(10,22880,98820,0)p
set(12,21360,93190,-30)p
set(12,18320,87530,-30)p
set(11,16800,81900,0)p
set(11,16800,76300,0)p
set(10,16800,70700,0)
chk(40,16800,67900,0)
set(10,16800,65100,0)p
set(20,16800,59500,0)p
set(15,16800,53900,0)
set(24,16800,51100,180)
set(34,16800,51100,0)pr
set(24,16800,34300,0)p
set(20,16800,31500,180)p
set(10,16800,25900,180)p
set(10,16800,20300,180)
chk(40,16800,17500,0)
set(10,16800,14700,0)
set(37,18380,17440,0)
set(37,15090,17440,0)
set(10,16800,9100,180)
set(29,16800,9736,180)pr
set(20,16800,3500,0)p
set(15,16800,-2100,0)p
set(15,16800,-7700,0)p
set(17,16800,-12250,180)pt
set(16,12250,-12250,-90)
chk(42,9450,-12250,90)
set(16,6650,-12250,90)
set(24,3850,-12250,90)
set(33,3850,-12250,90)pr
set(24,-7350,-12250,-90)p
set(20,-10150,-12250,90)
chk(42,-12056,-12250,90)
set(14,-14700,-12250,0)pt
set(10,-14700,-16800,0)p
set(14,-14700,-21350,90)pt
set(10,-10150,-21350,90)
set(32,-10332,-21700,-90)pr
set(10,-4550,-21350,-90)
chk(40,-3520,-21350,90)
set(14,0,-21350,180)pt
set(10,0,-16800,180)p
set(20,0,-11200,180)
set(20,0,-5600,0)
set(35,0,-8400,0)pr

maxl(34,-19515,-24190)
maxb(13,-26590,-17115)
maxr(34,42885,-24190)
maxt(13,136610,-17115)
