name(Slow and Luxurious)

snap(20,0,20)
sky(200,150,170)
fog(255,128,100)
ground(128,64,40)
polys(200,100,80)
fadefrom(7000)
density(6)
nlaps(3)


set(47,0,0,0)p
set(10,0,5600,0)p
set(13,-1520,11230,30)p
set(13,-4560,16890,30)p
set(10,-6080,22520,0)
chk(40,-6080,19720,0)
set(10,-6080,28120,0)
set(29,-6080,27484,0)pr
set(10,-6080,33720,0)p
set(13,-7600,39350,30)p
set(13,-10640,45010,30)p
set(10,-12160,50640,0)
chk(40,-12160,47840,0)
set(10,-12160,56240,0)p
set(14,-12160,60790,-90)
chk(40,-13910,60790,90)
set(14,-15660,60790,0)pt
set(10,-15660,56240,0)
set(10,-15660,50640,180)
set(26,-15660,52840,180)pr
set(10,-15660,45040,180)p
set(10,-15660,39440,180)
chk(40,-15660,36640,0)
set(11,-15660,33840,0)p
set(11,-15660,28240,0)p
set(10,-15660,22640,0)
chk(40,-15660,19840,0)
set(13,-14140,17010,30)p
set(13,-11100,11350,30)p
set(13,-8060,5690,30)p
set(13,-5020,30,30)p
set(10,-3500,-5600,0)p
set(10,-3500,-11200,0)p
set(14,-3500,-15750,90)
chk(40,-3500,-14000,0)
set(10,1050,-15750,90)
set(14,5600,-15750,180)pt
set(10,5600,-11200,0)
chk(40,5600,-8400,0)
set(10,5600,-5600,0)
set(29,5600,-636,0)pr
set(10,5600,0,0)
set(10,5600,5600,0)p
set(10,5600,11200,0)p
set(13,4080,16830,30)p
set(10,2560,22460,0)
chk(40,2560,25260,0)
set(10,2560,28060,0)
set(10,2560,33660,0)
set(26,2560,31460,0)pr
set(30,2560,38140,180)pl
set(10,2560,39260,0)
set(10,2560,44860,0)p
set(14,2560,49410,0)
chk(40,4310,49410,90)
set(14,6060,49410,-90)pt
set(10,6060,44860,0)p
set(10,6060,39260,0)
set(10,6060,33660,0)
set(10,6060,28060,0)
set(29,6060,28696,0)pr
set(10,6060,22460,0)p
set(13,7580,16830,30)p
set(10,9100,11200,0)
chk(40,9100,8400,0)
set(10,9100,5600,0)
set(10,9100,0,180)
set(26,9100,2200,180)pr
set(10,9100,-5600,180)p
set(10,9100,-11200,180)p
set(10,9100,-16800,180)p
set(14,9100,-21350,180)
chk(40,7350,-21350,90)
set(10,4550,-21350,90)p
set(14,0,-21350,90)pt
set(23,0,-19600,180)
set(32,-350,-18358,0)pr
set(23,0,-8400,0)p
set(10,0,-5600,0)p

maxl(19,-20080,-23971)
maxb(7,-26371,-17680)
maxr(19,13519,-23971)
maxt(7,64829,-17680)
