name(Tight and Loose)

snap(30,30,0)
sky(170,170,255)
fog(200,188,179)
ground(200,168,159)
polys(255,255,180)
fadefrom(5000)
density(5)
nlaps(4)


set(47,0,0,0)p
set(10,0,5600,0)p
set(10,0,11200,0)p
set(14,0,15750,0)
chk(40,0,13559,0)r
set(10,4550,15750,90)
set(10,10150,15750,90)
set(28,5186,15750,-90)pr
set(14,14700,15750,-90)
chk(40,14700,13518,0)r
set(10,14700,11200,0)
set(32,14350,9672,180)pr
set(10,14700,5600,0)
set(32,15050,7130,180)pr
set(10,14700,0,0)p
set(14,14700,-4550,90)pt
set(10,19250,-4550,90)
chk(40,19074,-4550,90)r
set(14,23800,-4550,180)pt
set(10,23800,0,180)p
set(10,23800,5600,180)p
set(10,23800,11200,180)
chk(40,23800,13493,0)r
set(14,23800,15750,0)pt
set(10,28350,15750,90)p
set(10,33950,15750,90)p
set(14,38500,15750,-90)
chk(40,38500,13575,0)r
set(10,38500,11200,0)p
set(10,38500,5600,0)
set(29,38500,5950,180)pr
set(10,38500,0,0)p
set(10,38500,-5600,0)p
set(14,38500,-10150,180)pt
set(10,33950,-10150,-90)
set(32,32625,-10500,90)
set(32,32625,-9800,90)
chk(40,35030,-10150,90)r
set(10,28350,-10150,-90)p
set(14,23800,-10150,90)pt
set(14,23800,-6650,-90)pt
set(10,19250,-6650,-90)
set(38,22550,-6650,90)
set(38,22550,-4550,90)
chk(40,19030,-6650,90)r
set(14,14700,-6650,0)pt
set(38,15950,-4550,90)
set(38,15950,-6650,90)
fix(41,14575,-10150,-1000,90)
set(14,14700,-10150,180)pt
set(10,10150,-10150,-90)p
set(10,4550,-10150,-90)
chk(40,4030,-10150,90)r
set(14,0,-10150,90)pt
set(10,0,-5600,180)
set(26,0,-6450,0)pr
set(24,18959,-10150,90)
set(24,18959,-10150,-90)
set(35,18959,-10150,90)

maxl(7,-4750,-11600)
maxb(10,-14000,-2350)
maxr(7,43250,-11600)
maxt(10,19600,-2350)
