name(The Pearly Gates Stay Closed)

snap(40,40,20)
sky(150,195,235)
fog(235,235,235)
ground(235,235,235)
polys(255,255,255)
fadefrom(4000)
density(7)
nlaps(4)


set(47,0,0,0)p
set(10,0,5600,0)
set(23,0,8400,180)
set(26,0,7561,0)pr
set(10,-6080,28120,0)
set(10,-6080,33720,0)
set(23,-6080,36520,180)
set(26,-6080,35438,0)
set(23,-6080,25320,0)
chk(40,-6080,26264,0)
set(23,0,53440,0)
chk(40,0,54030,0)
set(10,0,56240,0)p
set(10,0,61840,0)
set(10,0,67440,0)
set(31,0,64070,0)pr
set(23,0,70240,180)p
set(23,0,81440,0)
set(10,0,84240,0)
set(30,0,82058,180)pl
set(10,0,89840,0)p
set(14,0,94390,0)
chk(40,0,92248,0)
set(10,4550,94390,90)
set(23,7350,94390,90)
set(26,7950,94390,-90)pr
set(23,24270,88310,-90)
chk(40,24756,88310,90)
set(10,27070,88310,-90)p
set(10,32670,88310,90)
set(23,35470,88310,90)
set(26,36070,88310,-90)pr
set(23,52390,82230,-90)
chk(40,52676,82230,90)
set(10,55190,82230,-90)
set(10,60790,82230,90)
set(23,63590,82230,90)
set(28,59584,82230,90)pr
set(23,69250,79190,-90)p
set(10,72050,79190,-90)p
set(10,77650,79190,-90)p
set(14,82200,79190,-90)
chk(40,80056,79190,90)
set(10,82200,74640,0)
set(23,82200,71840,0)
set(26,82200,72878,180)pr
set(23,76120,60520,180)p
set(10,76120,57720,180)p
set(10,76120,52120,180)p
set(14,76120,47570,180)
chk(40,76120,49736,0)
set(10,71570,47570,-90)
set(23,68770,47570,-90)
set(26,69465,47570,90)pr
set(23,57570,47570,90)p
set(13,54740,46050,120)p
set(13,49080,43010,120)p
set(14,44500,41490,0)
chk(40,44500,39530,0)
set(10,44500,36940,0)
set(23,44500,34140,0)
set(26,44500,34140,180)pr
set(10,50580,8820,0)
set(10,50580,14420,0)
set(23,50580,17220,180)
chk(40,50580,17220,0)
set(23,50580,6020,0)
set(26,50580,5420,180)
set(23,44500,-10900,180)
chk(40,44500,-11420,0)
set(10,44500,-13700,180)p
set(14,44500,-18250,180)pt
set(10,39950,-18250,-90)
set(23,37150,-18250,-90)
set(26,36303,-18250,90)pr
set(23,20108,-12170,90)
set(10,17308,-12170,90)
set(26,18254,-12170,90)pr
set(23,14508,-12170,-90)p
set(23,1746,-12166,90)
chk(40,2080,-12166,90)
set(14,0,-12166,90)pt
set(23,0,-10416,180)p
set(32,0,-9500,0)
set(23,0,-2800,0)
set(23,17246,68582,-90)po
set(10,20046,68582,90)p
set(10,25646,68582,90)p
fix(41,31371,68582,-200,90)s
set(10,31246,68582,90)
set(38,31339,68582,90)
set(10,36846,68582,90)
set(10,42446,68582,-90)
set(23,45246,68582,90)po

maxl(25,-9940,-19530)
maxb(20,-21930,-7540)
maxr(25,86060,-19530)
maxt(20,98070,-7540)
