name(Sting of the Archangel)

snap(-30,-30,-40)
sky(255,255,255)
fog(255,255,255)
ground(255,200,100)
polys(255,200,150)
fadefrom(7000)
density(7)
nlaps(3)
lightson()

set(47,0,0,0)p
set(10,0,5600,0)p
set(10,0,11200,0)
set(45,0,17309,0)
set(26,0,13679,0)pr
set(46,0,21789,0)p
set(46,0,27389,0)p
set(46,0,32989,0)p
set(45,0,37469,180)p
set(10,0,43578,180)
chk(40,0,43580,0)
set(45,0,49687,0)p
set(46,0,54167,0)p
set(46,0,59767,0)p
set(46,0,65367,0)p
set(45,0,69847,180)p
set(20,0,75956,180)p
set(15,0,81556,180)
chk(42,0,83731,0)
set(17,0,86106,0)pt
set(15,4550,86106,-90)p
set(15,10150,86106,-90)p
set(15,15750,86106,-90)
set(20,21350,86106,-90)
set(34,17460,86106,-90)pr
set(45,27459,86106,-90)p
set(46,31939,86106,-90)p
set(46,37539,86106,-90)p
set(45,42019,86106,90)p
set(10,48128,86106,90)p
set(14,52678,86106,-90)
chk(40,50464,86106,90)
set(10,52678,81556,0)p
set(10,52678,75956,0)
set(45,52678,69847,180)
set(26,52678,73860,180)pr
set(46,52678,65367,180)p
set(46,52678,59767,180)p
set(46,52678,54167,180)p
set(45,52678,49687,0)p
set(14,52678,44628,180)pt
set(10,48128,44628,90)
chk(40,50290,44628,90)
set(10,42528,44628,90)
set(32,40460,44640,90)pr
set(24,34128,44628,-90)
set(15,31328,44628,90)
set(33,28528,44628,90)
set(33,25355,44628,90)pr
set(15,25728,44628,-90)
set(33,22340,44628,90)
set(15,20128,44628,-90)
set(15,14528,44628,90)
set(15,8928,44628,90)
set(24,6128,44628,90)
set(34,7415,44628,90)
set(24,-5072,44628,-90)
set(15,-7872,44628,-90)
set(15,-13472,44628,-90)
set(15,-19072,44628,-90)
set(16,-24672,44628,-90)
set(16,-30272,44628,90)
set(24,-33072,44628,90)
set(33,-33072,44628,90)pr
set(10,-41472,44628,90)p
set(10,-47072,44628,90)
chk(40,-49305,44628,90)
set(14,-51622,44628,0)pt
set(45,-51622,39569,180)p
set(46,-51622,35089,180)p
set(46,-51622,29489,180)p
set(46,-51622,23889,180)p
set(45,-51622,19409,0)p
set(10,-51622,13300,0)p
set(10,-51622,7700,0)p
set(10,-51622,2100,0)p
set(10,-51622,-3500,0)
chk(40,-51622,-5594,0)
set(14,-51622,-8050,90)pt
set(10,-47072,-8050,-90)p
set(10,-41472,-8050,90)
set(45,-35363,-8050,-90)
set(26,-39300,-8050,-90)pr
set(46,-30883,-8050,-90)p
set(46,-25283,-8050,-90)p
set(46,-19683,-8050,-90)p
set(45,-15203,-8050,90)p
set(10,-9094,-8050,90)
set(23,-6294,-8050,90)
set(29,-6770,-8050,-90)pr
set(23,4906,-8050,-90)p
set(10,7706,-8050,-90)p
set(20,13306,-8050,90)p
set(15,18906,-8050,-90)
chk(42,20880,-8050,90)
set(17,23456,-8050,-90)pt
set(15,23456,-12600,180)
set(15,23456,-18200,180)
set(35,23456,-15400,180)pr
set(15,23456,-23800,180)p
set(15,23456,-29400,180)p
set(15,23456,-35000,180)p
set(17,23456,-39550,180)
chk(42,23456,-37540,0)
set(20,18906,-39550,90)
set(10,13306,-39550,90)
set(32,15695,-39900,90)pr
set(10,7706,-39550,90)p
set(14,3156,-39550,90)pt
set(13,1636,-34970,210)p
set(10,116,-29340,180)
chk(40,116,-30264,0)
set(45,116,-23231,0)p
set(46,116,-18751,0)p
set(45,116,-14271,180)p
set(23,116,-10962,180)p
set(23,0,-2800,0)
set(12,36898,46148,60)
set(10,31268,47668,90)po
set(10,25668,47668,90)
set(10,20068,47668,90)p
set(10,14468,47668,90)
set(10,8868,47668,90)
set(23,6068,47668,-90)
set(31,8359,47668,90)
fix(41,0,47668,-4000,90)
fix(41,0,47668,-5000,90)
set(23,-5132,47668,90)
set(10,-7932,47668,90)
set(31,-7423,47668,-90)
set(10,-13532,47668,-90)
set(10,-19132,47668,-90)p
set(10,-24732,47668,-90)p
set(10,-30212,47668,-90)po
set(13,-35842,46148,-60)

maxl(28,-57072,-41336)
maxb(24,-43736,-54672)
maxr(28,58128,-41336)
maxt(24,90663,-54672)
