name(Quest for the Best)

snap(18,18,19)
sky(100,100,100)
fog(150,150,150)
ground(100,75,20)
polys(100,100,100)
fadefrom(5000)
density(2)
nlaps(1)

set(47,0,0,0)p
set(10,0,5600,0)
set(26,0,4619,0)
chk(40,0,1957,0)r
set(10,0,11200,0)p
set(14,0,15750,0)pt
set(10,4550,15750,90)
chk(40,7350,15750,90)r
set(10,10150,15750,90)
set(26,7950,15750,-90)pr
set(10,15750,15750,90)p
set(10,21350,15750,90)p
set(10,26950,15750,90)p
set(10,32550,15750,90)p
set(10,38150,15750,90)
set(10,43750,15750,90)p
set(14,48300,15750,180)
chk(40,46550,15750,90)r
set(10,48300,20300,0)p
set(14,48300,24850,-90)
chk(40,46550,24850,90)r
set(10,43750,24850,-90)p
set(10,38150,24850,-90)
chk(40,35594,24850,90)r
set(13,32520,23330,-60)p
set(10,26890,21810,-90)
chk(40,29690,21810,90)r
set(10,21290,21810,-90)p
set(10,15690,21810,-90)p
set(10,10090,21810,-90)p
set(10,4490,21810,-90)p
set(14,-60,21810,90)
chk(40,1690,21810,90)r
set(14,-60,25310,0)
chk(40,1690,25310,90)r
set(10,4490,25310,90)
set(26,2290,25310,-90)pr
set(10,10090,25310,90)p
set(10,15690,25310,90)p
set(10,21290,25310,90)p
set(10,26890,25310,90)
set(26,27596,21810,90)
chk(40,29690,25310,90)r
set(13,32520,26830,-60)
set(10,38150,28350,-90)
chk(40,35584,28350,90)r
set(10,43750,28350,-90)p
set(14,48300,28350,180)
chk(40,46550,28350,90)r
set(14,48300,31850,-90)
chk(40,46550,31850,90)r
set(10,43750,31850,-90)p
set(10,38150,31850,-90)
chk(40,35553,31850,90)r
set(13,32520,30330,-60)
set(10,26890,28810,-90)
set(26,28772,28810,90)pr
chk(40,29690,28810,90)r
set(10,21290,28810,-90)p
set(10,15690,28810,-90)p
set(10,10090,28810,-90)p
set(10,4490,28810,-90)p
set(14,-60,28810,90)
chk(40,1690,28810,90)r
set(14,-60,32310,0)
chk(40,1690,32310,90)r
set(10,4490,32310,90)
set(13,10120,33830,120)
set(26,6607,32310,-90)pr
set(10,15750,35350,90)
set(30,14863,35350,90)pl
set(10,21350,35350,90)
chk(40,23166,35350,90)r
set(10,26950,35350,90)p
set(10,32550,35350,90)
set(32,30351,35700,-90)
set(32,30351,35000,-90)pr
set(10,38150,35350,90)p
set(10,43750,35350,90)p
set(10,49350,35350,90)p
set(14,53900,35350,-90)
chk(40,52150,35350,90)r
set(10,53900,30800,0)
set(10,53900,25200,0)
fix(41,53900,19972,-3500,0)s
set(10,53900,19600,0)
set(31,53900,25796,180)pr
set(10,53900,14000,0)
set(10,53900,8400,0)
set(31,53900,13884,0)pr
set(20,53900,2800,0)p
set(17,53900,-1750,180)
chk(42,53900,0,0)r
set(15,49350,-1750,-90)
set(33,50906,-1750,90)pr
set(15,43750,-1750,-90)p
set(15,38150,-1750,-90)p
set(15,32550,-1750,-90)p
set(17,28000,-1750,90)
chk(42,28000,0,0)r
set(17,28000,1750,0)pt
set(15,32550,1750,90)
set(15,38150,1750,90)
set(33,35850,1750,90)pr
set(15,43750,1750,90)p
set(17,48300,1750,180)
chk(42,46550,1750,90)r
set(17,48300,5250,-90)
chk(42,46550,5250,90)r
set(15,43750,5250,-90)p
set(15,38150,5250,-90)p
set(15,32550,5250,-90)p
set(17,28000,5250,90)
chk(42,29750,5250,90)r
set(17,28000,8750,0)
chk(42,29750,8750,90)r
set(15,32550,8750,90)p
set(15,38150,8750,90)
set(15,43750,8750,90)p
set(17,48300,8750,180)
chk(42,46550,8750,90)r
set(17,48300,12250,-90)
chk(42,46550,12250,90)r
set(44,43750,12250,-90)p
set(43,38150,12250,-90)
set(34,38342,12250,-90)pr
set(43,32550,12250,-90)p
set(43,26950,12250,-90)p
set(43,21350,12250,-90)p
set(43,15750,12250,-90)p
set(44,10150,12250,90)p
set(17,5600,12250,0)
chk(42,7350,12250,90)r
set(17,5600,8750,90)
chk(42,7350,8750,90)r
set(15,10150,8750,90)p
set(15,15750,8750,90)p
set(15,21350,8750,90)p
set(17,25900,8750,-90)
chk(42,24150,8750,90)r
set(17,25900,5250,180)
chk(42,24150,5250,90)r
set(15,21350,5250,-90)
set(15,15750,5250,-90)
set(35,18906,5250,90)pr
set(15,10150,5250,-90)p
set(17,5600,5250,0)
chk(42,7350,5250,90)r
set(17,5600,1750,90)
chk(42,7350,1750,90)r
set(15,10150,1750,90)p
set(15,15750,1750,90)
set(15,21350,1750,90)
set(17,25900,1750,-90)
chk(42,24150,1750,90)r
set(17,25900,-1750,180)
chk(42,24150,-1750,90)r
set(15,21350,-1750,-90)
set(33,20731,-1750,90)pr
set(15,15750,-1750,-90)
set(33,14180,-1750,90)
set(33,18550,-1750,90)
set(33,16277,-1750,90)pr
set(15,10150,-1750,-90)
set(33,12081,-1750,90)pr
set(24,7350,-1750,90)
chk(42,7350,-1750,90)r
set(23,27427,31850,90)
set(26,28500,31850,90)
set(23,27427,31850,-90)
fix(41,24510,31850,-1500,90)s
set(23,0,-2800,0)

maxl(11,-4546,-11218)
maxb(13,-13618,-2146)
maxr(11,57853,-11218)
maxt(13,39182,-2146)
