name(Project Domination)

snap(-50,-30,-20)
sky(50,0,0)
fog(255,83,0)
ground(180,130,120)
polys(180,100,85)
fadefrom(7000)
density(2)
nlaps(3)
lightson()

set(47,0,0,0)
set(14,0,26950,-90)
chk(40,-1966,26950,90)
set(10,-4550,26950,-90)p
set(13,-10180,25430,120)
set(10,-15810,23910,90)
chk(40,-15724,23910,90)
set(14,-20360,23910,0)pt
set(20,-20360,19360,0)p
set(15,-20360,13760,0)
set(34,-20360,14190,0)pr
set(15,-20360,8160,0)p
set(15,-20360,2560,0)p
set(15,-20360,-3040,0)p
set(17,-20360,-7590,90)
chk(42,-20360,-5490,0)
set(15,-15810,-7590,90)p
set(21,-10210,-7590,-90)
set(18,-4610,-7590,-90)
set(36,-6370,-9400,180)
set(36,-8330,-9400,180)ph
set(18,990,-7590,-90)p
set(38,968,-7590,90)
set(38,1968,-7590,90)
set(18,6590,-7590,-90)p
set(38,2968,-7590,90)
set(38,3968,-7590,90)
set(18,12190,-7590,-90)
set(36,12170,-5780,0)
set(18,17790,-7590,-90)
set(36,14130,-5780,0)ph
set(19,22340,-7590,180)pt
set(18,22340,-3040,180)p
set(18,22340,2560,180)
chk(42,22340,1254,0)
set(21,22340,8160,180)
set(20,22340,13760,0)
set(33,22340,10960,180)pr
set(10,22340,19360,180)p
set(14,22340,23910,-90)
chk(40,22340,21757,0)
set(12,17760,25430,60)p
set(10,12130,26950,90)
set(10,6650,26950,-90)
set(29,4500,26950,-90)pr
set(23,3850,26950,-90)p
set(23,-15000,26950,90)
set(10,-17800,26950,90)
set(10,-23400,26950,90)
chk(40,-25970,26950,90)
set(10,-29000,26950,90)p
set(14,-33550,26950,0)pt
set(10,-33550,22400,0)
set(10,-33550,16800,180)
set(29,-33550,19160,180)pr
set(20,-33550,11200,0)p
set(15,-33550,5600,0)
set(33,-33550,4375,0)
set(33,-33550,7250,0)pr
set(20,-33550,0,180)p
set(10,-33550,-5600,180)p
set(10,-33550,-11200,180)
chk(40,-33550,-13290,0)
set(14,-33550,-15750,90)pt
set(10,-29000,-15750,90)p
set(10,-23400,-15750,90)
set(10,-17800,-15750,-90)
set(26,-21292,-15750,-90)pr
set(37,-16430,-15750,-90)
set(10,-12200,-15750,-90)p
set(37,-15000,-15750,-90)
set(10,-6600,-15750,-90)
set(20,-1000,-15750,90)
set(26,-4240,-15750,-90)pr
set(16,4600,-15750,90)p
set(15,10200,-15750,90)
set(15,15800,-15750,90)
set(35,12196,-15357,-90)pr
set(15,21400,-15750,-90)
set(35,18084,-16172,-90)pr
set(15,27000,-15750,-90)p
set(17,31550,-15750,180)
chk(42,29392,-15750,90)
set(20,31550,-11200,0)p
set(10,31550,-5600,0)p
set(10,31550,0,0)
set(10,31550,5600,0)
set(23,31550,8400,180)
set(29,31550,7000,180)pr
set(23,31550,19600,0)
set(10,31550,22400,0)
set(30,31550,20148,180)pl
set(14,31550,26950,-90)
chk(40,31550,24833,0)
set(10,27000,26950,90)p
set(23,24200,26950,-90)
set(32,23200,27300,90)pr

set(23,0,-2800,0)po
set(31,0,5400,0)
set(10,0,5600,0)p
set(23,0,8400,180)
fix(41,0,13225,-4000,0)s
set(23,0,19600,0)
set(10,0,22400,0)po

maxl(11,-36814,-18214)
maxb(15,-20614,-34414)
maxr(11,35185,-18214)
maxt(15,32185,-34414)
