name(Next Stop's the Cemetery)

snap(-30,-30,-30)
sky(31,31,31)
fog(128,64,40)
ground(64,34,0)
polys(30,100,30)
fadefrom(4000)
density(3)
mountains(0)
nlaps(8)
lightson()


set(47,0,0,0)p
set(10,0,5600,0)p
set(10,0,11200,0)
chk(40,0,13520,0)
set(10,0,16800,0)p
set(14,0,21350,0)pt
set(10,4550,21350,90)p
set(37,2265,18723,0)
set(37,2265,18723,-90)
set(10,10150,21350,90)
set(10,15750,21350,-90)
set(26,12950,21350,-90)pr
set(20,21350,21350,90)p
set(15,26950,21350,90)
chk(42,28672,21350,90)
set(17,31500,21350,-90)pt
set(15,31500,16800,0)
set(37,28867,18723,-90)
set(37,28867,18723,180)
set(20,31500,11200,180)
set(33,31500,14000,0)pr
set(10,31500,5600,0)
chk(40,31500,3398,0)
set(10,31500,0,180)p
set(14,31500,-4550,180)pt
set(10,26950,-4550,-90)p
set(10,21350,-4550,-90)
set(10,15750,-4550,-90)
chk(40,12950,-4550,90)
set(10,10150,-4550,90)
set(10,4550,-4550,90)p
set(37,2265,-2132,90)
set(37,2265,-2132,180)
set(14,0,-4550,90)pt
set(37,29144,-2132,180)
set(37,29144,-2132,90)
set(23,4876,-492,-90)po
set(10,7676,-492,90)p
set(29,12640,-492,-90)
set(10,13276,-492,90)p
fix(41,16076,-492,-1500,90)
set(10,18876,-492,90)p
set(29,19512,-492,90)
set(10,24476,-492,90)p
set(23,27276,-492,90)po

maxl(7,-3390,-5940)
maxb(8,-8340,-990)
maxr(7,35009,-5940)
maxt(8,25259,-990)
