name(STOMPED ON)

snap(-75,-75,-75)
sky(100,100,100)
fog(200,200,200)
ground(140,140,140)
polys(160,160,160)
fadefrom(7000)
density(0)
nlaps(3)
lightson()

set(47,0,0,0)p
set(10,0,5600,0)
set(10,0,11200,0)
set(26,0,9000,0)pr
set(10,0,16800,0)
set(10,0,22400,0)p
set(14,0,26950,0)
chk(40,1750,26950,90)
set(14,3500,26950,-90)pt
set(10,3500,22400,0)
set(28,3500,17436,180)pr
set(10,3500,16800,180)
set(13,5020,11170,210)p
set(10,6540,5540,180)
set(10,6540,-60,180)p
set(14,6540,-4610,90)
chk(40,8290,-4610,90)
set(14,10040,-4610,180)pt
set(10,10040,-60,180)
set(29,10040,4904,180)pr
set(10,10040,5540,180)
set(10,10040,11140,180)p
set(13,8520,16770,210)
set(10,7000,22400,0)
chk(40,7000,19600,0)
set(14,7000,26950,0)pt
set(14,10500,26950,-90)
chk(40,10500,25200,0)
set(13,12020,22370,210)p
set(10,13540,16740,180)
set(10,13540,11140,180)
set(26,13540,13340,180)pr
set(10,13540,5540,180)
set(14,13540,990,90)
chk(40,15290,990,90)
set(14,17040,990,180)pt
set(10,17040,5540,180)p
set(10,17040,11140,180)
set(10,17040,16740,180)
set(28,17040,16104,180)pr
set(13,15520,22370,210)p
set(10,14000,28000,0)
chk(40,14000,30258,0)
set(14,14000,32550,0)pt
set(10,18550,32550,90)
set(14,23100,32550,-90)
chk(40,21000,32550,90)
set(10,23100,28000,0)p
set(20,23100,22400,0)
set(16,23100,16800,180)
set(33,23100,19600,180)pr
set(15,23100,11200,180)
set(33,23100,14000,180)pr
set(15,23100,5600,180)
chk(42,23100,3577,0)
set(17,23100,1050,90)pt
set(15,27650,1050,90)p
set(17,32200,1050,180)pt
set(44,32200,5600,180)
chk(42,32200,6008,0)
set(43,32200,11200,0)
set(44,32200,16800,0)
set(35,32200,14000,180)pr
set(20,32200,22400,0)p
set(10,32200,28000,0)p
set(10,32200,33600,0)
chk(40,32200,35448,0)
set(14,32200,38150,-90)pt
set(10,27650,38150,-90)p
set(10,22050,38150,-90)
set(10,16450,38150,90)
set(23,13650,38150,-90)
set(31,15941,38150,90)pr
set(23,2450,38150,90)
set(30,770,38150,-90)pl
set(10,-350,38150,90)
set(10,-5950,38150,90)p
set(10,-11550,38150,-90)
chk(40,-13698,38150,90)
set(13,-17180,36630,120)p
set(13,-22840,33590,120)p
set(14,-27420,32070,0)
chk(40,-27420,30320,0)
set(14,-27420,28570,90)pt
set(13,-22840,30090,120)p
set(13,-17180,33130,120)p
set(10,-11550,34650,90)
chk(40,-12010,34650,90)
set(10,-5950,34650,-90)
set(26,-8150,34650,-90)pr
set(10,-350,34650,-90)
set(10,5250,34650,-90)
set(14,9800,34650,-90)
chk(40,9800,32900,0)
set(14,9800,31150,180)pt
set(10,5250,31150,-90)p
set(10,-350,31150,-90)
set(10,-5950,31150,90)
set(29,-5314,31150,90)pr
set(13,-11580,29630,120)p
set(13,-17240,26590,120)p
set(13,-22900,23550,120)p
set(14,-27480,22030,0)
chk(40,-25730,22030,90)
set(10,-27480,17480,0)
set(32,-27830,15320,180)pr
set(10,-27480,11880,180)p
set(14,-27480,7330,90)
chk(40,-26098,7330,90)
set(13,-22900,8850,120)p
set(13,-17240,11890,120)p
set(13,-11580,14930,-60)p
set(14,-7000,16450,-90)
chk(40,-7043,14957,0)
set(10,-7000,11900,0)
set(32,-6650,11904,180)pr
set(10,-7000,6300,0)p
set(14,-7000,1750,180)
chk(40,-8492,1786,90)
set(13,-11580,230,120)p
set(13,-17240,-2810,120)p
set(14,-21820,-4330,0)pt
set(14,-21820,-7830,90)
chk(40,-20070,-7830,90)
set(13,-17240,-6310,120)p
set(10,-11610,-4790,90)
set(23,-8810,-4790,90)
set(32,-8810,-4440,-90)pr
set(23,-1750,-4550,-90)
chk(40,-1750,-4550,90)
set(14,0,-4550,180)pt

maxl(11,-31104,-8219)
maxb(14,-10619,-28704)
maxr(11,36096,-8219)
maxt(14,42181,-28704)
