name(WARZONE)

snap(0,-25,-25)
sky(70,50,50)
fog(255,250,250)
ground(110,90,80)
polys(110,80,70)
fadefrom(5000)
density(5)
nlaps(2)
lightson()

set(47,0,0,0)p
set(10,0,5600,0)p
set(10,0,11200,0)p
set(10,0,16800,0)p
chk(40,0,19000,0)r
set(14,0,21350,-90)pt
set(14,-3500,21350,0)pt
set(10,-3500,16800,0)
set(23,-3500,14000,0)
set(29,-3500,16164,180)pr
set(23,-3500,-25200,180)p
chk(40,-3500,-25200,180)r
set(14,-3500,-26950,180)pt
set(14,-7000,-26950,90)pt
set(10,-7000,-22400,180)
set(23,-7000,-19600,180)
set(29,-7000,-21764,0)pr
set(23,-7000,19600,0)
chk(40,-7000,19600,0)r
set(14,-7000,21350,-90)pt
set(14,-10500,21350,0)pt
set(10,-10500,16800,0)
set(23,-10500,14000,0)
set(29,-10500,16164,180)pr
set(23,-10500,-25200,180)p
set(14,-10500,-26950,180)
chk(40,-12250,-26950,90)r
set(14,-14000,-26950,90)pt
set(10,-14000,-22400,180)
set(23,-14000,-19600,180)
set(27,-14000,-19600,0)pr
set(23,-14000,19600,0)p
set(14,-14000,21350,-90)pt
set(20,-18550,21350,-90)
chk(42,-19412,21350,90)r
set(16,-24150,21350,-90)p
set(17,-28700,21350,0)pt
set(21,-28700,16800,180)
chk(42,-28700,17494,0)r
set(18,-28700,11200,0)
set(36,-30510,10259,90)
set(18,-28700,5600,0)
set(36,-30510,8299,90)
set(18,-28700,0,0)
set(36,-30510,2419,90)
set(36,-30510,459,90)ph
set(18,-28700,-5600,0)p
set(36,-30510,-5421,90)
set(18,-28700,-11200,0)p
set(36,-30510,-7381,90)
set(18,-28700,-16800,0)p
set(21,-28700,-22400,0)
set(20,-28700,-28000,180)
set(33,-28700,-25200,0)pr
set(14,-28700,-32550,90)pt
set(10,-24150,-32550,-90)
chk(40,-25252,-32550,90)r
set(12,-18520,-34070,-120)p
set(10,-12890,-35590,-90)
chk(40,-12782,-35590,90)r
set(13,-7260,-34070,-60)p
set(10,-1630,-32550,-90)
chk(40,-1774,-32550,90)r
set(10,3970,-32550,-90)
set(31,5090,-32550,-90)pr
set(23,6770,-32550,90)
set(10,27650,-32550,-90)p
set(14,32200,-32550,180)pt
set(20,32200,-28000,180)
chk(42,32200,-25200,0)r
set(21,32200,-22400,0)p
set(18,32200,-16800,0)
set(36,34010,-16700,-90)ph
set(18,32200,-11200,0)
set(36,34010,-14740,-90)ph
set(18,32200,-5600,0)
set(36,30390,-9100,90)ph
set(36,30390,-7140,90)
set(18,32200,0,0)
set(36,34010,-1260,-90)ph
set(36,34010,700,-90)
set(18,32200,5600,0)p
set(21,32200,11200,180)p
set(15,32200,16800,0)
chk(42,32200,18092,0)r
set(17,32200,21350,-90)pt
set(15,27650,21350,90)p
set(17,23100,21350,0)
chk(42,23100,19600,0)r
set(15,23100,16800,0)
set(34,23100,15400,180)pr
set(24,23100,14000,180)
set(24,23100,-25200,0)
chk(42,23100,-25200,0)r
set(17,23100,-26950,180)pt
set(17,19600,-26950,90)pt
set(44,19600,-22400,180)
set(43,19600,-16800,180)
set(35,19600,-19900,180)
set(43,19600,-11200,180)p
set(43,19600,-5600,180)
set(35,19600,-2000,180)pr
set(43,19600,0,180)
set(43,19600,5600,180)p
set(43,19600,11200,180)p
set(44,19600,16800,0)
set(17,19600,21350,-90)
chk(42,19600,19600,0)r
set(17,16100,21350,0)pt
set(44,16100,16800,0)
set(43,16100,11200,0)
set(33,16100,14000,180)pr
set(43,16100,5600,0)
set(33,16100,8400,180)pr
set(43,16100,0,0)
set(33,16100,2800,180)
set(43,16100,-5600,0)
set(33,16100,-2800,180)pr
set(43,16100,-11200,0)p
set(43,16100,-16800,0)
set(44,16100,-22400,180)
set(17,16100,-26950,180)
chk(42,16100,-25200,0)r
set(17,12600,-26950,90)pt
set(15,12600,-22400,180)
set(24,12600,-19600,0)
set(34,12600,-19600,180)pr
set(24,12600,19600,180)
chk(42,12600,19600,0)r
set(17,12600,21350,-90)pt
set(17,9100,21350,0)pt
set(15,9100,16800,0)
set(15,9100,11200,0)
set(34,9100,14000,0)pr
set(16,9100,5600,0)p
set(15,9100,0,180)
set(16,9100,-5600,0)
set(33,9100,-2800,0)pr
set(15,9100,-11200,180)p
set(20,9100,-16800,180)
set(10,9100,-22400,0)
set(14,9100,-26950,180)pt
set(10,4550,-26950,90)
chk(40,4810,-26950,90)r
set(14,0,-26950,90)pt
set(10,0,-22400,0)
set(10,0,-16800,0)
set(26,0,-19600,0)pr
set(10,0,-11200,0)p
set(10,0,-5600,0)p
set(23,24850,-32550,-90)

maxl(14,-34250,-38260)
maxb(15,-40660,-31850)
maxr(14,37750,-38260)
maxt(15,26539,-31850)
