name(Whirling Midnight)

snap(-70,-70,-60)
sky(60,40,60)
fog(65,65,65)
ground(100,150,100)
polys(70,120,70)
fadefrom(8000)
density(5)
nlaps(2)
lightson()


set(47,0,0,0)p
set(10,0,5600,0)
set(26,0,6250,0)pr
set(10,0,11200,0)p
set(10,0,16800,0)p
set(14,0,21350,0)
chk(40,0,19600,0)
set(10,4550,21350,90)
set(10,10150,21350,-90)
set(32,7350,21700,-90)
set(32,7350,21000,-90)pr
set(10,15750,21350,-90)p
set(14,20300,21350,-90)
chk(40,20300,19600,0)
set(14,20300,17850,90)pt
set(14,23800,17850,180)pt
set(10,23800,22400,0)p
set(10,23800,28000,0)
set(10,23800,33600,0)
set(23,23800,36400,180)
set(31,23800,34109,0)pr
set(23,23800,53200,0)
set(10,23800,56000,0)
set(30,23800,54880,180)pl
set(10,23800,61600,0)p
set(10,23800,67200,0)p
set(14,23800,71750,-90)
chk(40,23800,70000,0)
set(14,20300,71750,0)pt
set(14,20300,68250,180)pt
set(14,16800,68250,0)
chk(40,16800,66500,0)
set(10,16800,63700,0)p
set(10,16800,58100,0)
set(10,16800,52500,180)
set(23,16800,49700,0)
set(31,16800,51991,180)pr
set(23,16800,32900,180)
set(10,16800,30100,180)
set(30,16800,31220,0)pl
set(14,16800,25550,180)
chk(40,15050,25550,90)
set(10,12250,25550,90)p
set(38,12200,25550,90)
set(10,6650,25550,90)p
set(38,7350,25550,90)
set(38,10450,25550,90)
set(38,8950,25550,90)
set(10,1050,25550,90)p
set(14,-3500,25550,90)
chk(40,-1750,25550,90)
set(10,-3500,30100,180)
set(10,-3500,35700,0)
set(26,-3500,33500,0)pr
set(10,-3500,41300,0)p
set(10,-3500,46900,0)p
set(14,-3500,51450,-90)pt
set(10,-8050,51450,-90)
chk(40,-7050,51450,90)
set(10,-13650,51450,90)
set(27,-10850,51450,90)pr
set(37,-14150,51750,180)
set(37,-15000,51100,180)
set(10,-19250,51450,-90)p
set(37,-15750,51800,180)
set(37,-16650,51450,-90)
set(10,-24850,51450,-90)p
set(14,-29400,51450,0)
chk(40,-27200,51450,90)
set(10,-29400,46900,0)p
set(14,-29400,42350,90)
chk(40,-27650,42350,90)
set(20,-24850,42350,90)p
set(15,-19250,42350,90)p
set(15,-13650,42350,90)
set(24,-10850,42350,-90)
set(34,-10850,42350,90)pr
set(24,5950,42350,90)
set(15,8750,42350,90)
set(34,5950,42350,90)pr
set(44,14350,42350,90)p
set(43,19950,42350,90)
chk(42,22750,42350,90)
set(43,25550,42350,90)p
set(44,31150,42350,-90)p
set(20,36750,42350,-90)p
set(14,41300,42350,-90)pt
set(10,41300,37800,0)
set(10,41300,32200,180)
set(29,41300,32836,180)pr
set(10,41300,26600,180)p
set(10,41300,21000,180)p
set(10,41300,15400,180)p
set(14,41300,10850,180)
chk(40,41300,12950,0)
set(14,37800,10850,90)
chk(40,37800,12600,0)
set(14,37800,14350,-90)pt
set(10,33250,14350,-90)p
set(20,27650,14350,-90)p
set(15,22050,14350,-90)p
set(15,16450,14350,-90)p
set(17,11900,14350,0)
chk(42,11900,12600,0)
set(15,11900,9800,0)p
set(15,11900,4200,0)p
set(21,11900,-1400,180)
set(18,11900,-7000,180)
set(36,13710,-7700,-90)
set(36,13710,-3780,-90)
set(36,13710,-5740,-90)ph
set(18,11900,-12600,180)
set(36,13710,-9660,-90)ph
set(18,11900,-18200,180)p
set(21,11900,-23800,0)p
set(17,11900,-28350,90)pt
set(17,15400,-28350,-90)
chk(42,15400,-30100,0)
set(17,15400,-31850,180)pt
set(15,10850,-31850,-90)
set(33,12234,-31850,90)pr
set(15,5250,-31850,-90)p
set(17,700,-31850,90)pt
set(17,700,-28350,0)
chk(42,2450,-28350,90)
set(17,4200,-28350,180)pt
set(17,4200,-24850,-90)pt
set(15,-350,-24850,-90)
set(15,-5950,-24850,90)
set(34,-3150,-24850,90)pr
set(15,-11550,-24850,90)p
set(20,-17150,-24850,90)
chk(42,-19950,-24850,90)
set(10,-22750,-24850,90)
set(10,-28350,-24850,90)
set(27,-25550,-24850,90)pr
set(37,-28816,-24541,180)
set(37,-29929,-25204,180)
set(10,-33950,-24850,-90)p
set(37,-30898,-24541,180)
set(37,-31756,-24850,-90)
set(10,-39550,-24850,-90)p
set(14,-44100,-24850,90)
chk(40,-42350,-24850,90)
set(10,-44100,-20300,180)p
set(10,-44100,-14700,180)
set(10,-44100,-9100,0)
set(26,-44100,-11300,0)pr
set(10,-44100,-3500,0)p
set(14,-44100,1050,0)pt
set(10,-39550,1050,90)
chk(40,-36750,1050,90)
set(10,-33950,1050,90)p
set(10,-28350,1050,90)p
set(14,-23800,1050,-90)
chk(40,-23800,-700,0)
set(10,-23800,-3500,0)p
set(10,-23800,-9100,0)p
set(14,-23800,-13650,90)
chk(40,-22050,-13650,90)
set(14,-20300,-13650,180)pt
set(10,-20300,-9100,180)p
set(10,-20300,-3500,180)p
set(14,-20300,1050,0)
chk(40,-20300,-700,0)
set(10,-15750,1050,90)
set(32,-14900,1400,-90)pr
set(10,-10150,1050,-90)p
set(14,-5600,1050,-90)
chk(40,-5600,-700,0)
set(10,-5600,-3500,0)p
set(14,-5600,-8050,90)pt
set(14,-2100,-8050,-90)pt
set(10,-2100,-12600,0)p
set(14,-2100,-17150,90)
chk(40,-350,-17150,90)
set(10,2450,-17150,90)p
set(14,7000,-17150,180)pt
set(10,7000,-12600,0)p
set(14,7000,-8050,-90)
chk(40,7000,-9800,0)
set(14,3500,-8050,90)
chk(40,3500,-6300,0)
set(14,3500,-4550,-90)pt
set(14,0,-4550,90)pt

maxl(23,-49400,-33400)
maxb(20,-35800,-47000)
maxr(23,46600,-33400)
maxt(20,74599,-47000)

