name(Bustin' Grilles)

snap(20,-8,-8)
sky(80,160,235)
fog(100,180,255)
ground(100,140,100)
polys(71,114,63)
fadefrom(7700)
density(6)
nlaps(3)

set(47,0,0,0)p
set(37,-1508,1448,90)
set(37,1508,1448,90)
set(10,0,5600,0)
chk(40,0,8400,0)
set(10,0,11200,0)p
set(14,0,15750,0)pt
set(10,4550,15750,90)
set(10,10150,15750,-90)
set(28,9514,15750,-90)pr
set(10,15750,15750,-90)p
set(14,20300,15750,180)
chk(40,18550,15750,90)
set(14,20300,19250,0)pt
set(10,24850,19250,90)
set(10,30450,19250,-90)
set(10,36050,19250,-90)
set(31,30959,19250,-90)pr
set(10,41650,19250,-90)
set(10,47250,19250,-90)
set(30,41141,19250,810)pl
set(10,52850,19250,-90)
chk(40,55650,19250,90)
set(10,58450,19250,-90)p
set(14,63000,19250,-90)pt
set(14,63000,15750,90)pt
set(10,67550,15750,90)
set(10,73150,15750,-90)
set(32,70220,15690,-90)pr
set(10,78750,15750,-90)p
set(14,83300,15750,-90)
chk(40,81550,15750,90)
set(10,83300,11200,0)
set(26,83300,10136,180)pr
set(10,83300,5600,180)p
set(10,83300,0,180)p
set(14,83300,-4550,180)
chk(40,83300,-2800,0)
set(10,78750,-4550,-90)p
set(38,81050,-4550,-90)
set(10,73150,-4550,-90)p
set(14,68600,-4550,90)
chk(40,70350,-4550,90)
set(10,68600,0,180)p
set(10,68600,5600,0)p
set(14,68600,10150,-90)pt
set(10,64050,10150,90)p
set(10,58450,10150,90)
chk(40,61250,10150,90)
set(26,55050,10150,90)pr
set(10,52850,10150,90)
set(10,47250,10150,90)p
set(10,41650,10150,90)
set(26,38250,10150,90)pr
set(10,36050,10150,90)
set(10,30450,10150,90)p
set(10,24850,10150,-90)p
set(10,19250,10150,-90)p
set(14,14700,10150,0)
chk(40,16450,10150,90)
set(10,14700,5600,0)
set(32,14670,5010,180)pr
set(10,14700,0,180)p
set(14,14700,-4550,180)
chk(40,12950,-4550,90)
set(10,10150,-4550,90)
set(32,10511,-4561,90)pr
set(10,4550,-4550,90)p
set(14,0,-4550,90)pt
set(14,20300,15750,630)
set(14,20300,12250,90)
set(10,24850,12250,90)
set(10,30450,12250,90)
set(10,36050,12250,90)
fix(41,41694,12250,-1200,90)
set(10,41650,12250,-90)
set(26,39450,12250,-90)
set(10,47250,12250,90)
set(26,43850,12250,90)
set(10,52850,12250,90)
set(10,58450,12250,90)
set(14,63000,12250,180)
set(38,62844,10150,-90)
set(14,63000,15750,0)

maxl(7,-3950,-6805)
maxb(19,-9205,-1550)
maxr(7,87250,-6805)
maxt(19,24395,-1550)
